$ 1 0.000005 10.20027730826997 50 5 50 5e-11
g 272 224 224 224 0 0
R 272 160 224 160 0 0 40 12 0 0 0.5
O 416 352 496 352 0 0
r 432 240 368 240 0 100000
r 272 224 368 240 0 10000
r 272 160 368 240 0 100000
r 368 240 416 352 0 1000
r 448 128 432 240 0 1000
w 272 160 288 48 0
w 288 48 448 96 0
R 64 112 96 32 0 2 100 12 0 0 0.5
w 432 240 528 240 0
t 368 112 448 112 0 1 -23.7623762138801 -11.772285403493532 100 default
r 368 112 272 160 0 100000
r 64 112 368 112 0 1000
w 272 224 528 160 0
r 528 160 528 240 0 1000
o 2 64 0 4098 2.5 0.1 0 1
