$ 1 0.000005 10.20027730826997 50 5 50 5e-11
g 256 176 208 176 0 0
R 256 48 208 48 0 0 40 12 0 0 0.5
O 432 176 432 144 0 0
r 432 176 512 176 0 100000
r 256 176 336 176 0 10000
r 256 80 336 176 0 100000
r 336 176 432 176 0 1000
r 336 128 512 128 0 1000
R 32 80 32 48 0 2 100 2.5 2.5 0 0.5
t 256 112 336 112 0 1 -23.998862823078888 -0.13580613038378608 100 default
r 256 112 336 304 0 68000
407 112 80 112 192 1
407 112 208 176 208 1
w 256 48 256 80 0
w 256 80 336 80 0
w 336 80 336 96 0
w 512 128 512 176 0
O 512 176 576 176 0 0
t 256 240 336 240 0 1 0.5980037437026873 0.6172809224586775 100 default
R 256 304 208 304 0 0 40 -12 0 0 0.5
r 336 224 512 224 0 1000
w 512 176 512 224 0
w 256 304 336 304 0
w 336 256 336 304 0
r 256 240 256 304 0 100000
w 256 208 256 176 0
I 32 80 32 160 0 0.5 5
g 112 240 112 272 0 0
r 64 208 112 208 0 1000
g 112 112 112 144 0 0
r 112 80 32 80 0 1000
w 32 160 32 208 0
w 32 208 64 208 0
w 256 208 208 208 0
w 208 80 256 80 0
r 208 112 256 112 0 1000
r 208 240 256 240 0 10000
r 512 272 512 336 0 10000
d 512 224 512 272 2 default
g 512 352 512 384 0 0
o 2 64 0 4098 5 0.1 0 1
o 17 8 0 4098 20 0.1 1 1
