$ 1 0.000005 10.20027730826997 50 5 50 5e-11
g 256 176 208 176 0 0
R 256 48 208 48 0 0 40 12 0 0 0.5
O 432 176 432 144 0 0
r 432 176 512 176 0 100000
r 256 176 432 176 0 10000
r 336 208 432 208 0 100000
r 400 16 496 16 0 1000
r 336 128 512 128 0 1000
R 32 80 32 48 0 2 100 2.5 2.5 0 0.5
t 528 48 576 48 0 1 -1.015541765925e-312 -1.991268172307e-312 100 default
407 112 112 112 224 1
407 112 208 176 208 1
w 256 48 256 80 0
w 256 80 304 80 0
w 336 80 336 96 0
w 512 128 512 176 0
O 512 176 576 176 0 0
t 256 240 336 240 0 1 -22.8418327201179 0.0008310919124632221 100 default
R 256 304 208 304 0 0 40 -12 0 0 0.5
r 336 224 512 224 0 1000
w 512 176 512 224 0
w 288 304 336 304 0
w 336 256 336 304 0
r 256 240 256 304 0 100000
w 256 208 256 176 0
I 32 80 32 160 0 0.5 5
g 112 240 112 272 0 0
r 64 208 112 208 0 1000
g 112 144 112 176 0 0
r 112 80 32 80 0 1000
w 32 160 32 208 0
w 32 208 64 208 0
w 256 208 208 208 0
w 288 16 336 16 0
r 208 112 288 112 0 10000
r 208 240 256 240 0 10000
r 512 272 512 336 0 10000
d 512 224 512 272 2 default
g 512 336 512 368 0 0
w 256 304 288 304 0
w 336 80 304 80 0
w 304 80 304 208 0
w 304 208 336 208 0
w 432 176 432 208 0
t 288 112 336 112 0 -1 -0.5977458885891949 -0.6264809836321987 100 default
w 112 80 112 112 0
w 208 144 256 144 0
w 256 144 256 176 0
r 288 112 256 80 0 100000
o 2 64 0 4098 5 0.1 0 1
o 16 8 0 4098 20 0.1 1 1
